Account Number,Post Date,Check,Description,Debit,Credit,Status,Balance
"*******5906",7/19/2024,,"INTEREST COMPOUNDED",,.01,Posted,100.06
"*******5906",7/9/2024,,"FROM XXXXXXXX4267 Funds Transfer via Online",,80.00,Posted,100.05
"*******5906",1/24/2024,,"PURCHASE 01-23 ROBINHOOD SECURITIES LAKE MARY  FL MCI 5554",10.00,,Posted,20.05
"*******5906",1/24/2024,,"PURCHASE 01-23 ROBINHOOD SECURITIES LAKE MARY  FL MCI 5554",10.00,,Posted,30.05
"*******5906",1/19/2024,,"INTEREST COMPOUNDED",,.05,Posted,40.05
"*******5906",1/9/2024,,"TO XXXXXXXX4267 Funds Transfer via Online",301.00,,Posted,40.00
"*******5906",12/20/2023,,"INTEREST COMPOUNDED",,.11,Posted,341.00
"*******5906",12/12/2023,,"PROG SELECT INS Adrien Protzel ACH DEBIT INS PREM 921779070 Adrie",291.88,,Posted,340.89
"*******5906",11/20/2023,,"INTEREST COMPOUNDED",,.10,Posted,632.77
"*******5906",11/6/2023,,"MERCARI INC. Adrien Protzel ACH CREDIT EDI PYMNTS",,195.41,Posted,632.67
"*******5906",10/31/2023,,"MERCARI INC. Adrien Protzel ACH CREDIT EDI PYMNTS",,260.55,Posted,437.26
"*******5906",10/20/2023,,"INTEREST COMPOUNDED",,.04,Posted,176.71
"*******5906",9/20/2023,,"INTEREST COMPOUNDED",,.09,Posted,176.67
"*******5906",9/5/2023,,"PURCHASE 09-01 VENMO NEW YORK  NY MCI 5554",800.00,,Posted,176.58
"*******5906",9/5/2023,,"PURCHASE 09-01 VENMO NEW YORK  NY MCI 5554",220.00,,Posted,976.58
"*******5906",9/5/2023,,"PURCHASE 09-04 VENMO NEW YORK  NY MCI 5554",75.00,,Posted,1196.58
"*******5906",9/1/2023,,"FROM XXXXXXXX4267 Funds Transfer via Online",,800.00,Posted,1271.58
"*******5906",8/21/2023,,"BONUS INTEREST PAID",,1.35,Posted,471.58
"*******5906",8/21/2023,,"INTEREST COMPOUNDED",,.07,Posted,470.23
"*******5906",8/21/2023,,"PURCHASE 08-19 WINCO #014 Beaverton  OR PUL 5554",29.84,,Posted,470.16
"*******5906",8/2/2023,,"Internal Transfer To New Account",,500.00,Posted,500.00